2025-10-24 09:30:17 - INFO - ================================================================================
2025-10-24 09:30:17 - INFO - Starting Training Run
2025-10-24 09:30:17 - INFO - Log file: /home/wallacelab/teba/multimodal_brain_inspired/marren/temporal_dynamics_of_human_alignment/clip_hba_behavior_loops/20251024_093017/output/random_target_e56_l1/training_log_20251024_093017.txt
2025-10-24 09:30:17 - INFO - ================================================================================
2025-10-24 09:30:17 - INFO - Loaded dataset split indices from: /home/wallacelab/teba/multimodal_brain_inspired/marren/temporal_dynamics_of_human_alignment/clip_hba_behavior/training_artifacts/random_states/random_states_20251013_220330/dataset_split_indices.pth
2025-10-24 09:30:17 - INFO -   Train samples: 1444
2025-10-24 09:30:17 - INFO -   Test samples: 362
2025-10-24 09:30:17 - INFO -   Random seed used: 1
2025-10-24 09:30:17 - INFO - Using baseline dataset split
2025-10-24 09:30:17 - INFO - pos_embedding is True
2025-10-24 09:30:22 - INFO - Loaded DoRA parameters from /home/wallacelab/teba/multimodal_brain_inspired/marren/temporal_dynamics_of_human_alignment/clip_hba_behavior/training_artifacts/dora_params/dora_params_20251013_220330/epoch55_dora_params.pth
2025-10-24 09:30:22 - INFO - Resuming from epoch 55
2025-10-24 09:30:23 - INFO - Restored optimizer state from epoch 55
2025-10-24 09:30:23 - INFO - Restored DataLoader generator state from epoch 55
2025-10-24 09:30:23 - INFO - Random states loaded from: /home/wallacelab/teba/multimodal_brain_inspired/marren/temporal_dynamics_of_human_alignment/clip_hba_behavior/training_artifacts/random_states/random_states_20251013_220330/epoch55_random_states.pth
2025-10-24 09:30:23 - INFO - Successfully restored all random states from baseline epoch 55
2025-10-24 09:30:23 - INFO - 
Model Configuration:
2025-10-24 09:30:23 - INFO - -------------------
2025-10-24 09:30:23 - INFO - csv_file: ../Data/spose_embedding66d_rescaled_1806train.csv
2025-10-24 09:30:23 - INFO - img_dir: ../Data/Things1854
2025-10-24 09:30:23 - INFO - inference_csv_file: ../Data/spose_embedding66d_rescaled_48val_reordered.csv
2025-10-24 09:30:23 - INFO - RDM48_triplet_dir: ../Data/RDM48_triplet.mat
2025-10-24 09:30:23 - INFO - backbone: ViT-L/14
2025-10-24 09:30:23 - INFO - epochs: 500
2025-10-24 09:30:23 - INFO - batch_size: 64
2025-10-24 09:30:23 - INFO - train_portion: 0.8
2025-10-24 09:30:23 - INFO - lr: 0.0003
2025-10-24 09:30:23 - INFO - logger: None
2025-10-24 09:30:23 - INFO - early_stopping_patience: 20
2025-10-24 09:30:23 - INFO - random_seed: 1
2025-10-24 09:30:23 - INFO - vision_layers: 2
2025-10-24 09:30:23 - INFO - transformer_layers: 1
2025-10-24 09:30:23 - INFO - rank: 32
2025-10-24 09:30:23 - INFO - criterion: MSELoss()
2025-10-24 09:30:23 - INFO - cuda: 1
2025-10-24 09:30:23 - INFO - baseline_dora_directory: /home/wallacelab/teba/multimodal_brain_inspired/marren/temporal_dynamics_of_human_alignment/clip_hba_behavior/training_artifacts/dora_params/dora_params_20251013_220330
2025-10-24 09:30:23 - INFO - baseline_random_state_path: /home/wallacelab/teba/multimodal_brain_inspired/marren/temporal_dynamics_of_human_alignment/clip_hba_behavior/training_artifacts/random_states/random_states_20251013_220330
2025-10-24 09:30:23 - INFO - baseline_split_indices_path: /home/wallacelab/teba/multimodal_brain_inspired/marren/temporal_dynamics_of_human_alignment/clip_hba_behavior/training_artifacts/random_states/random_states_20251013_220330/dataset_split_indices.pth
2025-10-24 09:30:23 - INFO - perturb_type: random_target
2025-10-24 09:30:23 - INFO - perturb_distribution: target
2025-10-24 09:30:23 - INFO - perturb_seed: 0
2025-10-24 09:30:23 - INFO - training_run: 56
2025-10-24 09:30:23 - INFO - resume_from_epoch: 55
2025-10-24 09:30:23 - INFO - output_base_directory: /home/wallacelab/teba/multimodal_brain_inspired/marren/temporal_dynamics_of_human_alignment/clip_hba_behavior_loops/20251024_093017
2025-10-24 09:30:23 - INFO - output_directory: output/random_target_e56_l1
2025-10-24 09:30:23 - INFO - output_dir: /home/wallacelab/teba/multimodal_brain_inspired/marren/temporal_dynamics_of_human_alignment/clip_hba_behavior_loops/20251024_093017/output/random_target_e56_l1
2025-10-24 09:30:23 - INFO - checkpoint_path: /home/wallacelab/teba/multimodal_brain_inspired/marren/temporal_dynamics_of_human_alignment/clip_hba_behavior_loops/20251024_093017/output/random_target_e56_l1/model_checkpoint_56.pth
2025-10-24 09:30:23 - INFO - training_res_path: /home/wallacelab/teba/multimodal_brain_inspired/marren/temporal_dynamics_of_human_alignment/clip_hba_behavior_loops/20251024_093017/output/random_target_e56_l1/training_res.csv
2025-10-24 09:30:23 - INFO - dora_parameters_path: /home/wallacelab/teba/multimodal_brain_inspired/marren/temporal_dynamics_of_human_align2025-10-24 10:05:04 - INFO - ================================================================================
2025-10-24 10:05:04 - INFO - ✓ TRAINING RUN COMPLETED SUCCESSFULLY
2025-10-24 10:05:04 - INFO - Results saved to: output/random_target_e56_l1
2025-10-24 10:05:04 - INFO - Log file: /home/wallacelab/teba/multimodal_brain_inspired/marren/temporal_dynamics_of_human_alignment/clip_hba_behavior_loops/20251024_093017/output/random_target_e56_l1/training_log_20251024_093017.txt
2025-10-24 10:05:04 - INFO - ================================================================================
10-24 09:30:23 - INFO - clip_model.visual.transformer.resblocks.22.attn.out_proj.delta_D_B
2025-10-24 09:30:23 - INFO - clip_model.visual.transformer.resblocks.23.attn.out_proj.m
2025-10-24 09:30:23 - INFO - clip_model.visual.transformer.resblocks.23.attn.out_proj.delta_D_A
2025-10-24 09:30:23 - INFO - clip_model.visual.transformer.resblocks.23.attn.out_proj.delta_D_B
2025-10-24 09:30:23 - INFO - clip_model.transformer.resblocks.11.attn.out_proj.m
2025-10-24 09:30:23 - INFO - clip_model.transformer.resblocks.11.attn.out_proj.delta_D_A
2025-10-24 09:30:23 - INFO - clip_model.transformer.resblocks.11.attn.out_proj.delta_D_B
2025-10-24 09:30:23 - INFO - 
Number of trainable parameters: 183040

2025-10-24 09:30:23 - INFO - *********************************
2025-10-24 09:30:23 - INFO - Evaluating initial model
2025-10-24 09:30:23 - INFO - *********************************

2025-10-24 09:30:23 - INFO - ================================================================================
2025-10-24 09:30:23 - INFO - 
*** USING RANDOM TARGETS FOR EPOCH 56 (Perturbation window: epochs 56-56) ***
2025-10-24 09:30:23 - INFO - ================================================================================
2025-10-24 09:30:23 - INFO - Random target seed: 0
2025-10-24 09:31:05 - INFO - Epoch 56: Training Loss: 129.9371, Validation Loss: 93.0660
2025-10-24 09:31:06 - INFO - First 10 image names: ['pizza_01b.jpg', 'beaver_01b.jpg', 'macadamia_01b.jpg', 'tarantula_01b.jpg', 'clothes_01b.jpg']
2025-10-24 09:31:06 - INFO - Embedding matrix shape: (48, 66)

2025-10-24 09:31:06 - INFO - RDM shape: (48, 48)

2025-10-24 09:31:06 - INFO - First 5x5 of the RDM:
2025-10-24 09:31:06 - INFO - [[0.         0.66956698 0.44803557 0.75671848 0.68333783]
 [0.66956698 0.         0.53806225 0.36833997 0.60620792]
 [0.44803557 0.53806225 0.         0.6734586  0.55379104]
 [0.75671848 0.36833997 0.6734586  0.         0.84718861]
 [0.68333783 0.60620792 0.55379104 0.84718861 0.        ]]
2025-10-24 09:31:06 - INFO - 

2025-10-24 09:31:06 - INFO - First 5x5 of the reference RDM:
2025-10-24 09:31:06 - INFO - [[0.         0.83076923 0.14925373 0.75373134 0.83088235]
 [0.83076923 0.         0.68181818 0.02380952 0.89814815]
 [0.14925373 0.68181818 0.         0.66363636 0.88983051]
 [0.75373134 0.02380952 0.66363636 0.         0.95762712]
 [0.83088235 0.89814815 0.88983051 0.95762712 0.        ]]
2025-10-24 09:31:06 - INFO - 

2025-10-24 09:31:06 - INFO - First 5 reference rdm values: [0.83076923 0.14925373 0.75373134 0.83088235 0.90151515]

2025-10-24 09:31:06 - INFO - First 5 model rdm values: [0.66956698 0.44803557 0.75671848 0.68333783 0.71938614]

2025-10-24 09:31:06 - INFO - Behavioral RSA Correlation & p-value: 0.5029, 0.0000
2025-10-24 09:31:06 - INFO - *** RANDOM TARGETS WERE USED IN THIS EPOCH ***
2025-10-24 09:31:06 - INFO - 
visual_resblock_22_attn parameter shapes:
2025-10-24 09:31:06 - INFO -   m: shape torch.Size([1024])
2025-10-24 09:31:06 - INFO -   delta_D_A: shape torch.Size([32, 1024])
2025-10-24 09:31:06 - INFO -   delta_D_B: shape torch.Size([1024, 32])
2025-10-24 09:31:06 - INFO - 
visual_resblock_23_attn parameter shapes:
2025-10-24 09:31:06 - INFO -   m: shape torch.Size([1024])
2025-10-24 09:31:06 - INFO -   delta_D_A: shape torch.Size([32, 1024])
2025-10-24 09:31:06 - INFO -   delta_D_B: shape torch.Size([1024, 32])
2025-10-24 09:31:06 - INFO - 
transformer_resblock_11_attn parameter shapes:
2025-10-24 09:31:06 - INFO -   m: shape torch.Size([768])
2025-10-24 09:31:06 - INFO -   delta_D_A: shape torch.Size([32, 768])
2025-10-24 09:31:06 - INFO -   delta_D_B: shape torch.Size([768, 32])
2025-10-24 09:31:06 - INFO - DoRA parameters saved for epoch 56
2025-10-24 09:31:06 - INFO - Random states saved: /home/wallacelab/teba/multimodal_brain_inspired/marren/temporal_dynamics_of_human_alignment/clip_hba_behavior_loops/20251024_093017/output/random_target_e56_l1/random_states_56/epoch56_random_states.pth
2025-10-24 09:31:47 - INFO - Epoch 57: Training Loss: 80.8101, Validation Loss: 66.7884
2025-10-24 09:31:48 - INFO - First 10 image names: ['pizza_01b.jpg', 'beaver_01b.jpg', 'macadamia_01b.jpg', 'tarantula_01b.jpg', 'clothes_01b.jpg']
2025-10-24 09:31:48 - INFO - Embedding matrix shape: (48, 66)

2025-10-24 09:31:48 - INFO - RDM shape: (48, 48)

2025-10-24 09:31:48 - INFO - First 5x5 of the RDM:
2025-10-24 09:31:48 - INFO - [[0.         0.27904993 0.14655525 0.30153473 0.29751956]
 [0.27904993 0.         0.20715413 0.12761294 0.26468581]
 [0.14655525 0.20715413 0.         0.25040739 0.23049013]
 [0.30153473 0.12761294 0.25040739 0.         0.35833375]
 [0.29751956 0.26468581 0.23049013 0.35833375 0.        ]]
2025-10-24 09:31:48 - INFO - 

2025-10-24 09:31:48 - INFO - First 5x5 of the reference RDM:
2025-10-24 09:31:48 - INFO - [[0.         0.83076923 0.14925373 0.75373134 0.83088235]
 [0.83076923 0.         0.68181818 0.02380952 0.89814815]
 [0.14925373 0.68181818 0.         0.66363636 0.88983051]
 [0.75373134 0.02380952 0.66363636 0.         0.95762712]
 [0.83088235 0.89814815 0.88983051 0.95762712 0.        ]]
2025-10-24 09:31:48 - INFO - 

2025-10-24 09:31:48 - INFO - First 5 reference rdm values: [0.83076923 0.14925373 0.75373134 0.83088235 0.90151515]

2025-10-24 09:31:48 - INFO - First 5 model rdm values: [0.27904993 0.14655525 0.30153473 0.29751956 0.26847444]

2025-10-24 09:31:48 - INFO - Behavioral RSA Correlation & p-value: 0.4833, 0.0000
2025-10-24 09:31:48 - INFO - 
visual_resblock_22_attn parameter shapes:
2025-10-24 09:31:48 - INFO -   m: shape torch.Size([1024])
2025-10-24 09:31:48 - INFO -   delta_D_A: shape torch.Size([32, 1024])
2025-10-24 09:31:48 - INFO -   delta_D_B: shape torch.Size([1024, 32])
2025-10-24 09:31:48 - INFO - 
visual_resblock_23_attn parameter shapes:
2025-10-24 09:31:48 - INFO -   m: shape torch.Size([1024])
2025-10-24 09:31:48 - INFO -   delta_D_A: shape torch.Size([32, 1024])
2025-10-24 09:31:48 - INFO -   delta_D_B: shape torch.Size([1024, 32])
2025-10-24 09:31:48 - INFO - 
transformer_resblock_11_attn parameter shapes:
2025-10-24 09:31:48 - INFO -   m: shape torch.Size([768])
2025-10-24 09:31:48 - INFO -   delta_D_A: shape torch.Size([32, 768])
2025-10-24 09:31:48 - INFO -   delta_D_B: shape torch.Size([768, 32])
2025-10-24 09:31:48 - INFO - DoRA parameters saved for epoch 57
2025-10-24 09:31:48 - INFO - Random states saved: /home/wallacelab/teba/multimodal_brain_inspired/marren/temporal_dynamics_of_human_alignment/clip_hba_behavior_loops/20251024_093017/output/random_target_e56_l1/random_states_56/epoch57_random_states.pth
2025-10-24 09:32:29 - INFO - Epoch 58: Training Loss: 50.6465, Validation Loss: 44.6498
2025-10-24 09:32:30 - INFO - First 10 image names: ['pizza_01b.jpg', 'beaver_01b.jpg', 'macadamia_01b.jpg', 'tarantula_01b.jpg', 'clothes_01b.jpg']
2025-10-24 09:32:30 - INFO - Embedding matrix shape: (48, 66)

2025-10-24 09:32:30 - INFO - RDM shape: (48, 48)

2025-10-24 09:32:30 - INFO - First 5x5 of the RDM:
2025-10-24 09:32:30 - INFO - [[0.         0.87298298 0.31968605 0.83332351 0.89790405]
 [0.87298298 0.         0.7134707  0.2457197  0.86849558]
 [0.31968605 0.7134707  0.         0.71862076 0.75743187]
 [0.83332351 0.2457197  0.71862076 0.         0.97503633]
 [0.89790405 0.86849558 0.75743187 0.97503633 0.        ]]
2025-10-24 09:32:30 - INFO - 

2025-10-24 09:32:30 - INFO - First 5x5 of the reference RDM:
2025-10-24 09:32:30 - INFO - [[0.         0.83076923 0.14925373 0.75373134 0.83088235]
 [0.83076923 0.         0.68181818 0.02380952 0.89814815]
 [0.14925373 0.68181818 0.         0.66363636 0.88983051]
 [0.75373134 0.02380952 0.66363636 0.         0.95762712]
 [0.83088235 0.89814815 0.88983051 0.95762712 0.        ]]
2025-10-24 09:32:30 - INFO - 

2025-10-24 09:32:30 - INFO - First 5 reference rdm values: [0.83076923 0.14925373 0.75373134 0.83088235 0.90151515]

2025-10-24 09:32:30 - INFO - First 5 model rdm values: [0.87298298 0.31968605 0.83332351 0.89790405 0.91219336]

2025-10-24 09:32:30 - INFO - Behavioral RSA Correlation & p-value: 0.7329, 0.0000
2025-10-24 09:32:30 - INFO - 
visual_resblock_22_attn parameter shapes:
2025-10-24 09:32:30 - INFO -   m: shape torch.Size([1024])
2025-10-24 09:32:30 - INFO -   delta_D_A: shape torch.Size([32, 1024])
2025-10-24 09:32:30 - INFO -   delta_D_B: shape torch.Size([1024, 32])
2025-10-24 09:32:30 - INFO - 
visual_resblock_23_attn parameter shapes:
2025-10-24 09:32:30 - INFO -   m: shape torch.Size([1024])
2025-10-24 09:32:30 - INFO -   delta_D_A: shape torch.Size([32, 1024])
2025-10-24 09:32:30 - INFO -   delta_D_B: shape torch.Size([1024, 32])
2025-10-24 09:32:30 - INFO - 
transformer_resblock_11_attn parameter shapes:
2025-10-24 09:32:30 - INFO -   m: shape torch.Size([768])
2025-10-24 09:32:30 - INFO -   delta_D_A: shape torch.Size([32, 768])
2025-10-24 09:32:30 - INFO -   delta_D_B: shape torch.Size([768, 32])
2025-10-24 09:32:30 - INFO - DoRA parameters saved for epoch 58
2025-10-24 09:32:30 - INFO - Random states saved: /home/wallacelab/teba/multimodal_brain_inspired/marren/temporal_dynamics_of_human_alignment/clip_hba_behavior_loops/20251024_093017/output/random_target_e56_l1/random_states_56/epoch58_random_states.pth
2025-10-24 09:33:11 - INFO - Epoch 59: Training Loss: 32.4083, Validation Loss: 32.6595
2025-10-24 09:33:13 - INFO - First 10 image names: ['pizza_01b.jpg', 'beaver_01b.jpg', 'macadamia_01b.jpg', 'tarantula_01b.jpg', 'clothes_01b.jpg']
2025-10-24 09:33:13 - INFO - Embedding matrix shape: (48, 66)

2025-10-24 09:33:13 - INFO - RDM shape: (48, 48)

2025-10-24 09:33:13 - INFO - First 5x5 of the RDM:
2025-10-24 09:33:13 - INFO - [[0.         0.88941673 0.21897348 0.96384592 1.08533241]
 [0.88941673 0.         0.73151139 0.20536749 1.10224091]
 [0.21897348 0.73151139 0.         0.8478696  0.95751675]
 [0.96384592 0.20536749 0.8478696  0.         1.18785299]
 [1.08533241 1.10224091 0.95751675 1.18785299 0.        ]]
2025-10-24 09:33:13 - INFO - 

2025-10-24 09:33:13 - INFO - First 5x5 of the reference RDM:
2025-10-24 09:33:13 - INFO - [[0.         0.83076923 0.14925373 0.75373134 0.83088235]
 [0.83076923 0.         0.68181818 0.02380952 0.89814815]
 [0.14925373 0.68181818 0.         0.66363636 0.88983051]
 [0.75373134 0.02380952 0.66363636 0.         0.95762712]
 [0.83088235 0.89814815 0.88983051 0.95762712 0.        ]]
2025-10-24 09:33:13 - INFO - 

2025-10-24 09:33:13 - INFO - First 5 reference rdm values: [0.83076923 0.14925373 0.75373134 0.83088235 0.90151515]

2025-10-24 09:33:13 - INFO - First 5 model rdm values: [0.88941673 0.21897348 0.96384592 1.08533241 1.11139998]

2025-10-24 09:33:13 - INFO - Behavioral RSA Correlation & p-value: 0.7760, 0.0000
2025-10-24 09:33:13 - INFO - 
visual_resblock_22_attn parameter shapes:
2025-10-24 09:33:13 - INFO -   m: shape torch.Size([1024])
2025-10-24 09:33:13 - INFO -   delta_D_A: shape torch.Size([32, 1024])
2025-10-24 09:33:13 - INFO -   delta_D_B: shape torch.Size([1024, 32])
2025-10-24 09:33:13 - INFO - 
visual_resblock_23_attn parameter shapes:
2025-10-24 09:33:13 - INFO -   m: shape torch.Size([1024])
2025-10-24 09:33:13 - INFO -   delta_D_A: shape torch.Size([32, 1024])
2025-10-24 09:33:13 - INFO -   delta_D_B: shape torch.Size([1024, 32])
2025-10-24 09:33:13 - INFO - 
transformer_resblock_11_attn parameter shapes:
2025-10-24 09:33:13 - INFO -   m: shape torch.Size([768])
2025-10-24 09:33:13 - INFO -   delta_D_A: shape torch.Size([32, 768])
2025-10-24 09:33:13 - INFO -   delta_D_B: shape torch.Size([768, 32])
2025-10-24 09:33:13 - INFO - DoRA parameters saved for epoch 59
2025-10-24 09:33:13 - INFO - Random states saved: /home/wallacelab/teba/multimodal_brain_inspired/marren/temporal_dynamics_of_human_alignment/clip_hba_behavior_loops/20251024_093017/output/random_target_e56_l1/random_states_56/epoch59_random_states.pth
2025-10-24 09:33:54 - INFO - Epoch 60: Training Loss: 25.0204, Validation Loss: 30.8338
2025-10-24 09:33:55 - INFO - First 10 image names: ['pizza_01b.jpg', 'beaver_01b.jpg', 'macadamia_01b.jpg', 'tarantula_01b.jpg', 'clothes_01b.jpg']
2025-10-24 09:33:55 - INFO - Embedding matrix shape: (48, 66)

2025-10-24 09:33:55 - INFO - RDM shape: (48, 48)

2025-10-24 09:33:55 - INFO - First 5x5 of the RDM:
2025-10-24 09:33:55 - INFO - [[0.         1.00521844 0.23744169 1.05575739 1.11629898]
 [1.00521844 0.         0.83485333 0.21021756 1.09898482]
 [0.23744169 0.83485333 0.         0.93319212 0.97101786]
 [1.05575739 0.21021756 0.93319212 0.         1.18737407]
 [1.11629898 1.09898482 0.97101786 1.18737407 0.        ]]
2025-10-24 09:33:55 - INFO - 

2025-10-24 09:33:55 - INFO - First 5x5 of the reference RDM:
2025-10-24 09:33:55 - INFO - [[0.         0.83076923 0.14925373 0.75373134 0.83088235]
 [0.83076923 0.         0.68181818 0.02380952 0.89814815]
 [0.14925373 0.68181818 0.         0.66363636 0.88983051]
 [0.75373134 0.02380952 0.66363636 0.         0.95762712]
 [0.83088235 0.89814815 0.88983051 0.95762712 0.        ]]
2025-10-24 09:33:55 - INFO - 

2025-10-24 09:33:55 - INFO - First 5 reference rdm values: [0.83076923 0.14925373 0.75373134 0.83088235 0.90151515]

2025-10-24 09:33:55 - INFO - First 5 model rdm values: [1.00521844 0.23744169 1.05575739 1.11629898 1.10221948]

2025-10-24 09:33:55 - INFO - Behavioral RSA Correlation & p-value: 0.7757, 0.0000
2025-10-24 09:33:55 - INFO - 
visual_resblock_22_attn parameter shapes:
2025-10-24 09:33:55 - INFO -   m: shape torch.Size([1024])
2025-10-24 09:33:55 - INFO -   delta_D_A: shape torch.Size([32, 1024])
2025-10-24 09:33:55 - INFO -   delta_D_B: shape torch.Size([1024, 32])
2025-10-24 09:33:55 - INFO - 
visual_resblock_23_attn parameter shapes:
2025-10-24 09:33:55 - INFO -   m: shape torch.Size([1024])
2025-10-24 09:33:55 - INFO -   delta_D_A: shape torch.Size([32, 1024])
2025-10-24 09:33:55 - INFO -   delta_D_B: shape torch.Size([1024, 32])
2025-10-24 09:33:55 - INFO - 
transformer_resblock_11_attn parameter shapes:
2025-10-24 09:33:55 - INFO -   m: shape torch.Size([768])
2025-10-24 09:33:55 - INFO -   delta_D_A: shape torch.Size([32, 768])
2025-10-24 09:33:55 - INFO -   delta_D_B: shape torch.Size([768, 32])
2025-10-24 09:33:55 - INFO - DoRA parameters saved for epoch 60
2025-10-24 09:33:55 - INFO - Random states saved: /home/wallacelab/teba/multimodal_brain_inspired/marren/temporal_dynamics_of_human_alignment/clip_hba_behavior_loops/20251024_093017/output/random_target_e56_l1/random_states_56/epoch60_random_states.pth
2025-10-24 09:34:36 - INFO - Epoch 61: Training Loss: 23.7037, Validation Loss: 30.3744
2025-10-24 09:34:37 - INFO - First 10 image names: ['pizza_01b.jpg', 'beaver_01b.jpg', 'macadamia_01b.jpg', 'tarantula_01b.jpg', 'clothes_01b.jpg']
2025-10-24 09:34:37 - INFO - Embedding matrix shape: (48, 66)

2025-10-24 09:34:37 - INFO - RDM shape: (48, 48)

2025-10-24 09:34:37 - INFO - First 5x5 of the RDM:
2025-10-24 09:34:37 - INFO - [[0.         0.96001961 0.24135491 1.02281413 1.10225768]
 [0.96001961 0.         0.81353437 0.23356367 1.10342745]
 [0.24135491 0.81353437 0.         0.91959586 0.96936167]
 [1.02281413 0.23356367 0.91959586 0.         1.18769533]
 [1.10225768 1.10342745 0.96936167 1.18769533 0.        ]]
2025-10-24 09:34:37 - INFO - 

2025-10-24 09:34:37 - INFO - First 5x5 of the reference RDM:
2025-10-24 09:34:37 - INFO - [[0.         0.83076923 0.14925373 0.75373134 0.83088235]
 [0.83076923 0.         0.68181818 0.02380952 0.89814815]
 [0.14925373 0.68181818 0.         0.66363636 0.88983051]
 [0.75373134 0.02380952 0.66363636 0.         0.95762712]
 [0.83088235 0.89814815 0.88983051 0.95762712 0.        ]]
2025-10-24 09:34:37 - INFO - 

2025-10-24 09:34:37 - INFO - First 5 reference rdm values: [0.83076923 0.14925373 0.75373134 0.83088235 0.90151515]

2025-10-24 09:34:37 - INFO - First 5 model rdm values: [0.96001961 0.24135491 1.02281413 1.10225768 1.08851113]

2025-10-24 09:34:37 - INFO - Behavioral RSA Correlation & p-value: 0.7736, 0.0000
2025-10-24 09:34:37 - INFO - 
visual_resblock_22_attn parameter shapes:
2025-10-24 09:34:37 - INFO -   m: shape torch.Size([1024])
2025-10-24 09:34:37 - INFO -   delta_D_A: shape torch.Size([32, 1024])
2025-10-24 09:34:37 - INFO -   delta_D_B: shape torch.Size([1024, 32])
2025-10-24 09:34:37 - INFO - 
visual_resblock_23_attn parameter shapes:
2025-10-24 09:34:37 - INFO -   m: shape torch.Size([1024])
2025-10-24 09:34:37 - INFO -   delta_D_A: shape torch.Size([32, 1024])
2025-10-24 09:34:37 - INFO -   delta_D_B: shape torch.Size([1024, 32])
2025-10-24 09:34:37 - INFO - 
transformer_resblock_11_attn parameter shapes:
2025-10-24 09:34:37 - INFO -   m: shape torch.Size([768])
2025-10-24 09:34:37 - INFO -   delta_D_A: shape torch.Size([32, 768])
2025-10-24 09:34:37 - INFO -   delta_D_B: shape torch.Size([768, 32])
2025-10-24 09:34:37 - INFO - DoRA parameters saved for epoch 61
2025-10-24 09:34:37 - INFO - Random states saved: /home/wallacelab/teba/multimodal_brain_inspired/marren/temporal_dynamics_of_human_alignment/clip_hba_behavior_loops/20251024_093017/output/random_target_e56_l1/random_states_56/epoch61_random_states.pth
2025-10-24 09:35:18 - INFO - Epoch 62: Training Loss: 23.0790, Validation Loss: 30.2674
2025-10-24 09:35:20 - INFO - First 10 image names: ['pizza_01b.jpg', 'beaver_01b.jpg', 'macadamia_01b.jpg', 'tarantula_01b.jpg', 'clothes_01b.jpg']
2025-10-24 09:35:20 - INFO - Embedding matrix shape: (48, 66)

2025-10-24 09:35:20 - INFO - RDM shape: (48, 48)

2025-10-24 09:35:20 - INFO - First 5x5 of the RDM:
2025-10-24 09:35:20 - INFO - [[0.         0.97497749 0.2493253  1.03654139 1.10484203]
 [0.97497749 0.         0.82354671 0.24179292 1.10754079]
 [0.2493253  0.82354671 0.         0.93349522 0.97018654]
 [1.03654139 0.24179292 0.93349522 0.         1.18632414]
 [1.10484203 1.10754079 0.97018654 1.18632414 0.        ]]
2025-10-24 09:35:20 - INFO - 

2025-10-24 09:35:20 - INFO - First 5x5 of the reference RDM:
2025-10-24 09:35:20 - INFO - [[0.         0.83076923 0.14925373 0.75373134 0.83088235]
 [0.83076923 0.         0.68181818 0.02380952 0.89814815]
 [0.14925373 0.68181818 0.         0.66363636 0.88983051]
 [0.75373134 0.02380952 0.66363636 0.         0.95762712]
 [0.83088235 0.89814815 0.88983051 0.95762712 0.        ]]
2025-10-24 09:35:20 - INFO - 

2025-10-24 09:35:20 - INFO - First 5 reference rdm values: [0.83076923 0.14925373 0.75373134 0.83088235 0.90151515]

2025-10-24 09:35:20 - INFO - First 5 model rdm values: [0.97497749 0.2493253  1.03654139 1.10484203 1.09850948]

2025-10-24 09:35:20 - INFO - Behavioral RSA Correlation & p-value: 0.7749, 0.0000
2025-10-24 09:35:20 - INFO - 
visual_resblock_22_attn parameter shapes:
2025-10-24 09:35:20 - INFO -   m: shape torch.Size([1024])
2025-10-24 09:35:20 - INFO -   delta_D_A: shape torch.Size([32, 1024])
2025-10-24 09:35:20 - INFO -   delta_D_B: shape torch.Size([1024, 32])
2025-10-24 09:35:20 - INFO - 
visual_resblock_23_attn parameter shapes:
2025-10-24 09:35:20 - INFO -   m: shape torch.Size([1024])
2025-10-24 09:35:20 - INFO -   delta_D_A: shape torch.Size([32, 1024])
2025-10-24 09:35:20 - INFO -   delta_D_B: shape torch.Size([1024, 32])
2025-10-24 09:35:20 - INFO - 
transformer_resblock_11_attn parameter shapes:
2025-10-24 09:35:20 - INFO -   m: shape torch.Size([768])
2025-10-24 09:35:20 - INFO -   delta_D_A: shape torch.Size([32, 768])
2025-10-24 09:35:20 - INFO -   delta_D_B: shape torch.Size([768, 32])
2025-10-24 09:35:20 - INFO - DoRA parameters saved for epoch 62
2025-10-24 09:35:20 - INFO - Random states saved: /home/wallacelab/teba/multimodal_brain_inspired/marren/temporal_dynamics_of_human_alignment/clip_hba_behavior_loops/20251024_093017/output/random_target_e56_l1/random_states_56/epoch62_random_states.pth
2025-10-24 09:36:01 - INFO - Epoch 63: Training Loss: 22.6561, Validation Loss: 30.1060
2025-10-24 09:36:02 - INFO - First 10 image names: ['pizza_01b.jpg', 'beaver_01b.jpg', 'macadamia_01b.jpg', 'tarantula_01b.jpg', 'clothes_01b.jpg']
2025-10-24 09:36:02 - INFO - Embedding matrix shape: (48, 66)

2025-10-24 09:36:02 - INFO - RDM shape: (48, 48)

2025-10-24 09:36:02 - INFO - First 5x5 of the RDM:
2025-10-24 09:36:02 - INFO - [[0.         0.98428611 0.24897486 1.04359078 1.09603528]
 [0.98428611 0.         0.82866338 0.24721622 1.10108952]
 [0.24897486 0.82866338 0.         0.94324435 0.96739121]
 [1.04359078 0.24721622 0.94324435 0.         1.17957915]
 [1.09603528 1.10108952 0.96739121 1.17957915 0.        ]]
2025-10-24 09:36:02 - INFO - 

2025-10-24 09:36:02 - INFO - First 5x5 of the reference RDM:
2025-10-24 09:36:02 - INFO - [[0.         0.83076923 0.14925373 0.75373134 0.83088235]
 [0.83076923 0.         0.68181818 0.02380952 0.89814815]
 [0.14925373 0.68181818 0.         0.66363636 0.88983051]
 [0.75373134 0.02380952 0.66363636 0.         0.95762712]
 [0.83088235 0.89814815 0.88983051 0.95762712 0.        ]]
2025-10-24 09:36:02 - INFO - 

2025-10-24 09:36:02 - INFO - First 5 reference rdm values: [0.83076923 0.14925373 0.75373134 0.83088235 0.90151515]

2025-10-24 09:36:02 - INFO - First 5 model rdm values: [0.98428611 0.24897486 1.04359078 1.09603528 1.10270722]

2025-10-24 09:36:02 - INFO - Behavioral RSA Correlation & p-value: 0.7750, 0.0000
2025-10-24 09:36:02 - INFO - 
visual_resblock_22_attn parameter shapes:
2025-10-24 09:36:02 - INFO -   m: shape torch.Size([1024])
2025-10-24 09:36:02 - INFO -   delta_D_A: shape torch.Size([32, 1024])
2025-10-24 09:36:02 - INFO -   delta_D_B: shape torch.Size([1024, 32])
2025-10-24 09:36:02 - INFO - 
visual_resblock_23_attn parameter shapes:
2025-10-24 09:36:02 - INFO -   m: shape torch.Size([1024])
2025-10-24 09:36:02 - INFO -   delta_D_A: shape torch.Size([32, 1024])
2025-10-24 09:36:02 - INFO -   delta_D_B: shape torch.Size([1024, 32])
2025-10-24 09:36:02 - INFO - 
transformer_resblock_11_attn parameter shapes:
2025-10-24 09:36:02 - INFO -   m: shape torch.Size([768])
2025-10-24 09:36:02 - INFO -   delta_D_A: shape torch.Size([32, 768])
2025-10-24 09:36:02 - INFO -   delta_D_B: shape torch.Size([768, 32])
2025-10-24 09:36:02 - INFO - DoRA parameters saved for epoch 63
2025-10-24 09:36:02 - INFO - Random states saved: /home/wallacelab/teba/multimodal_brain_inspired/marren/temporal_dynamics_of_human_alignment/clip_hba_behavior_loops/20251024_093017/output/random_target_e56_l1/random_states_56/epoch63_random_states.pth
2025-10-24 09:36:43 - INFO - Epoch 64: Training Loss: 22.2740, Validation Loss: 30.0855
2025-10-24 09:36:44 - INFO - First 10 image names: ['pizza_01b.jpg', 'beaver_01b.jpg', 'macadamia_01b.jpg', 'tarantula_01b.jpg', 'clothes_01b.jpg']
2025-10-24 09:36:44 - INFO - Embedding matrix shape: (48, 66)

2025-10-24 09:36:44 - INFO - RDM shape: (48, 48)

2025-10-24 09:36:44 - INFO - First 5x5 of the RDM:
2025-10-24 09:36:44 - INFO - [[0.         0.99329399 0.26119427 1.04264736 1.11718981]
 [0.99329399 0.         0.8381621  0.24332041 1.10436398]
 [0.26119427 0.8381621  0.         0.94384178 0.97597354]
 [1.04264736 0.24332041 0.94384178 0.         1.17019084]
 [1.11718981 1.10436398 0.97597354 1.17019084 0.        ]]
2025-10-24 09:36:44 - INFO - 

2025-10-24 09:36:44 - INFO - First 5x5 of the reference RDM:
2025-10-24 09:36:44 - INFO - [[0.         0.83076923 0.14925373 0.75373134 0.83088235]
 [0.83076923 0.         0.68181818 0.02380952 0.89814815]
 [0.14925373 0.68181818 0.         0.66363636 0.88983051]
 [0.75373134 0.02380952 0.66363636 0.         0.95762712]
 [0.83088235 0.89814815 0.88983051 0.95762712 0.        ]]
2025-10-24 09:36:44 - INFO - 

2025-10-24 09:36:44 - INFO - First 5 reference rdm values: [0.83076923 0.14925373 0.75373134 0.83088235 0.90151515]

2025-10-24 09:36:44 - INFO - First 5 model rdm values: [0.99329399 0.26119427 1.04264736 1.11718981 1.09934563]

2025-10-24 09:36:44 - INFO - Behavioral RSA Correlation & p-value: 0.7674, 0.0000
2025-10-24 09:36:44 - INFO - 
visual_resblock_22_attn parameter shapes:
2025-10-24 09:36:44 - INFO -   m: shape torch.Size([1024])
2025-10-24 09:36:44 - INFO -   delta_D_A: shape torch.Size([32, 1024])
2025-10-24 09:36:44 - INFO -   delta_D_B: shape torch.Size([1024, 32])
2025-10-24 09:36:44 - INFO - 
visual_resblock_23_attn parameter shapes:
2025-10-24 09:36:44 - INFO -   m: shape torch.Size([1024])
2025-10-24 09:36:44 - INFO -   delta_D_A: shape torch.Size([32, 1024])
2025-10-24 09:36:44 - INFO -   delta_D_B: shape torch.Size([1024, 32])
2025-10-24 09:36:44 - INFO - 
transformer_resblock_11_attn parameter shapes:
2025-10-24 09:36:44 - INFO -   m: shape torch.Size([768])
2025-10-24 09:36:44 - INFO -   delta_D_A: shape torch.Size([32, 768])
2025-10-24 09:36:44 - INFO -   delta_D_B: shape torch.Size([768, 32])
2025-10-24 09:36:45 - INFO - DoRA parameters saved for epoch 64
2025-10-24 09:36:45 - INFO - Random states saved: /home/wallacelab/teba/multimodal_brain_inspired/marren/temporal_dynamics_of_human_alignment/clip_hba_behavior_loops/20251024_093017/output/random_target_e56_l1/random_states_56/epoch64_random_states.pth
2025-10-24 09:37:26 - INFO - Epoch 65: Training Loss: 21.9111, Validation Loss: 29.8991
2025-10-24 09:37:27 - INFO - First 10 image names: ['pizza_01b.jpg', 'beaver_01b.jpg', 'macadamia_01b.jpg', 'tarantula_01b.jpg', 'clothes_01b.jpg']
2025-10-24 09:37:27 - INFO - Embedding matrix shape: (48, 66)

2025-10-24 09:37:27 - INFO - RDM shape: (48, 48)

2025-10-24 09:37:27 - INFO - First 5x5 of the RDM:
2025-10-24 09:37:27 - INFO - [[0.         0.96207969 0.25309282 1.02410198 1.09880517]
 [0.96207969 0.         0.812874   0.24639692 1.08952434]
 [0.25309282 0.812874   0.         0.93488683 0.96612737]
 [1.02410198 0.24639692 0.93488683 0.         1.16794719]
 [1.09880517 1.08952434 0.96612737 1.16794719 0.        ]]
2025-10-24 09:37:27 - INFO - 

2025-10-24 09:37:27 - INFO - First 5x5 of the reference RDM:
2025-10-24 09:37:27 - INFO - [[0.         0.83076923 0.14925373 0.75373134 0.83088235]
 [0.83076923 0.         0.68181818 0.02380952 0.89814815]
 [0.14925373 0.68181818 0.         0.66363636 0.88983051]
 [0.75373134 0.02380952 0.66363636 0.         0.95762712]
 [0.83088235 0.89814815 0.88983051 0.95762712 0.        ]]
2025-10-24 09:37:27 - INFO - 

2025-10-24 09:37:27 - INFO - First 5 reference rdm values: [0.83076923 0.14925373 0.75373134 0.83088235 0.90151515]

2025-10-24 09:37:27 - INFO - First 5 model rdm values: [0.96207969 0.25309282 1.02410198 1.09880517 1.09327494]

2025-10-24 09:37:27 - INFO - Behavioral RSA Correlation & p-value: 0.7714, 0.0000
2025-10-24 09:37:27 - INFO - 
visual_resblock_22_attn parameter shapes:
2025-10-24 09:37:27 - INFO -   m: shape torch.Size([1024])
2025-10-24 09:37:27 - INFO -   delta_D_A: shape torch.Size([32, 1024])
2025-10-24 09:37:27 - INFO -   delta_D_B: shape torch.Size([1024, 32])
2025-10-24 09:37:27 - INFO - 
visual_resblock_23_attn parameter shapes:
2025-10-24 09:37:27 - INFO -   m: shape torch.Size([1024])
2025-10-24 09:37:27 - INFO -   delta_D_A: shape torch.Size([32, 1024])
2025-10-24 09:37:27 - INFO -   delta_D_B: shape torch.Size([1024, 32])
2025-10-24 09:37:27 - INFO - 
transformer_resblock_11_attn parameter shapes:
2025-10-24 09:37:27 - INFO -   m: shape torch.Size([768])
2025-10-24 09:37:27 - INFO -   delta_D_A: shape torch.Size([32, 768])
2025-10-24 09:37:27 - INFO -   delta_D_B: shape torch.Size([768, 32])
2025-10-24 09:37:27 - INFO - DoRA parameters saved for epoch 65
2025-10-24 09:37:27 - INFO - Random states saved: /home/wallacelab/teba/multimodal_brain_inspired/marren/temporal_dynamics_of_human_alignment/clip_hba_behavior_loops/20251024_093017/output/random_target_e56_l1/random_states_56/epoch65_random_states.pth
2025-10-24 09:38:08 - INFO - Epoch 66: Training Loss: 21.5585, Validation Loss: 29.7780
2025-10-24 09:38:09 - INFO - First 10 image names: ['pizza_01b.jpg', 'beaver_01b.jpg', 'macadamia_01b.jpg', 'tarantula_01b.jpg', 'clothes_01b.jpg']
2025-10-24 09:38:09 - INFO - Embedding matrix shape: (48, 66)

2025-10-24 09:38:09 - INFO - RDM shape: (48, 48)

2025-10-24 09:38:09 - INFO - First 5x5 of the RDM:
2025-10-24 09:38:09 - INFO - [[0.         0.9859469  0.26197161 1.03771595 1.09978128]
 [0.9859469  0.         0.82668259 0.25379295 1.09698198]
 [0.26197161 0.82668259 0.         0.94365179 0.96681619]
 [1.03771595 0.25379295 0.94365179 0.         1.17524209]
 [1.09978128 1.09698198 0.96681619 1.17524209 0.        ]]
2025-10-24 09:38:09 - INFO - 

2025-10-24 09:38:09 - INFO - First 5x5 of the reference RDM:
2025-10-24 09:38:09 - INFO - [[0.         0.83076923 0.14925373 0.75373134 0.83088235]
 [0.83076923 0.         0.68181818 0.02380952 0.89814815]
 [0.14925373 0.68181818 0.         0.66363636 0.88983051]
 [0.75373134 0.02380952 0.66363636 0.         0.95762712]
 [0.83088235 0.89814815 0.88983051 0.95762712 0.        ]]
2025-10-24 09:38:09 - INFO - 

2025-10-24 09:38:09 - INFO - First 5 reference rdm values: [0.83076923 0.14925373 0.75373134 0.83088235 0.90151515]

2025-10-24 09:38:09 - INFO - First 5 model rdm values: [0.9859469  0.26197161 1.03771595 1.09978128 1.09350956]

2025-10-24 09:38:09 - INFO - Behavioral RSA Correlation & p-value: 0.7689, 0.0000
2025-10-24 09:38:09 - INFO - 
visual_resblock_22_attn parameter shapes:
2025-10-24 09:38:09 - INFO -   m: shape torch.Size([1024])
2025-10-24 09:38:09 - INFO -   delta_D_A: shape torch.Size([32, 1024])
2025-10-24 09:38:09 - INFO -   delta_D_B: shape torch.Size([1024, 32])
2025-10-24 09:38:09 - INFO - 
visual_resblock_23_attn parameter shapes:
2025-10-24 09:38:09 - INFO -   m: shape torch.Size([1024])
2025-10-24 09:38:09 - INFO -   delta_D_A: shape torch.Size([32, 1024])
2025-10-24 09:38:09 - INFO -   delta_D_B: shape torch.Size([1024, 32])
2025-10-24 09:38:09 - INFO - 
transformer_resblock_11_attn parameter shapes:
2025-10-24 09:38:09 - INFO -   m: shape torch.Size([768])
2025-10-24 09:38:09 - INFO -   delta_D_A: shape torch.Size([32, 768])
2025-10-24 09:38:09 - INFO -   delta_D_B: shape torch.Size([768, 32])
2025-10-24 09:38:09 - INFO - DoRA parameters saved for epoch 66
2025-10-24 09:38:09 - INFO - Random states saved: /home/wallacelab/teba/multimodal_brain_inspired/marren/temporal_dynamics_of_human_alignment/clip_hba_behavior_loops/20251024_093017/output/random_target_e56_l1/random_states_56/epoch66_random_states.pth
2025-10-24 09:38:51 - INFO - Epoch 67: Training Loss: 21.2631, Validation Loss: 29.7262
2025-10-24 09:38:52 - INFO - First 10 image names: ['pizza_01b.jpg', 'beaver_01b.jpg', 'macadamia_01b.jpg', 'tarantula_01b.jpg', 'clothes_01b.jpg']
2025-10-24 09:38:52 - INFO - Embedding matrix shape: (48, 66)

2025-10-24 09:38:52 - INFO - RDM shape: (48, 48)

2025-10-24 09:38:52 - INFO - First 5x5 of the RDM:
2025-10-24 09:38:52 - INFO - [[0.         0.99916102 0.26402066 1.04869926 1.09002651]
 [0.99916102 0.         0.83304935 0.26074813 1.10356999]
 [0.26402066 0.83304935 0.         0.953448   0.95851133]
 [1.04869926 0.26074813 0.953448   0.         1.17528643]
 [1.09002651 1.10356999 0.95851133 1.17528643 0.        ]]
2025-10-24 09:38:52 - INFO - 

2025-10-24 09:38:52 - INFO - First 5x5 of the reference RDM:
2025-10-24 09:38:52 - INFO - [[0.         0.83076923 0.14925373 0.75373134 0.83088235]
 [0.83076923 0.         0.68181818 0.02380952 0.89814815]
 [0.14925373 0.68181818 0.         0.66363636 0.88983051]
 [0.75373134 0.02380952 0.66363636 0.         0.95762712]
 [0.83088235 0.89814815 0.88983051 0.95762712 0.        ]]
2025-10-24 09:38:52 - INFO - 

2025-10-24 09:38:52 - INFO - First 5 reference rdm values: [0.83076923 0.14925373 0.75373134 0.83088235 0.90151515]

2025-10-24 09:38:52 - INFO - First 5 model rdm values: [0.99916102 0.26402066 1.04869926 1.09002651 1.09448706]

2025-10-24 09:38:52 - INFO - Behavioral RSA Correlation & p-value: 0.7726, 0.0000
2025-10-24 09:38:52 - INFO - 
visual_resblock_22_attn parameter shapes:
2025-10-24 09:38:52 - INFO -   m: shape torch.Size([1024])
2025-10-24 09:38:52 - INFO -   delta_D_A: shape torch.Size([32, 1024])
2025-10-24 09:38:52 - INFO -   delta_D_B: shape torch.Size([1024, 32])
2025-10-24 09:38:52 - INFO - 
visual_resblock_23_attn parameter shapes:
2025-10-24 09:38:52 - INFO -   m: shape torch.Size([1024])
2025-10-24 09:38:52 - INFO -   delta_D_A: shape torch.Size([32, 1024])
2025-10-24 09:38:52 - INFO -   delta_D_B: shape torch.Size([1024, 32])
2025-10-24 09:38:52 - INFO - 
transformer_resblock_11_attn parameter shapes:
2025-10-24 09:38:52 - INFO -   m: shape torch.Size([768])
2025-10-24 09:38:52 - INFO -   delta_D_A: shape torch.Size([32, 768])
2025-10-24 09:38:52 - INFO -   delta_D_B: shape torch.Size([768, 32])
2025-10-24 09:38:52 - INFO - DoRA parameters saved for epoch 67
2025-10-24 09:38:52 - INFO - Random states saved: /home/wallacelab/teba/multimodal_brain_inspired/marren/temporal_dynamics_of_human_alignment/clip_hba_behavior_loops/20251024_093017/output/random_target_e56_l1/random_states_56/epoch67_random_states.pth
2025-10-24 09:39:33 - INFO - Epoch 68: Training Loss: 20.9786, Validation Loss: 29.6656
2025-10-24 09:39:34 - INFO - First 10 image names: ['pizza_01b.jpg', 'beaver_01b.jpg', 'macadamia_01b.jpg', 'tarantula_01b.jpg', 'clothes_01b.jpg']
2025-10-24 09:39:34 - INFO - Embedding matrix shape: (48, 66)

2025-10-24 09:39:34 - INFO - RDM shape: (48, 48)

2025-10-24 09:39:34 - INFO - First 5x5 of the RDM:
2025-10-24 09:39:34 - INFO - [[0.         0.97237801 0.26580558 1.02497579 1.09593089]
 [0.97237801 0.         0.81325827 0.25657722 1.08874836]
 [0.26580558 0.81325827 0.         0.93760027 0.97054172]
 [1.02497579 0.25657722 0.93760027 0.         1.16795331]
 [1.09593089 1.08874836 0.97054172 1.16795331 0.        ]]
2025-10-24 09:39:34 - INFO - 

2025-10-24 09:39:34 - INFO - First 5x5 of the reference RDM:
2025-10-24 09:39:34 - INFO - [[0.         0.83076923 0.14925373 0.75373134 0.83088235]
 [0.83076923 0.         0.68181818 0.02380952 0.89814815]
 [0.14925373 0.68181818 0.         0.66363636 0.88983051]
 [0.75373134 0.02380952 0.66363636 0.         0.95762712]
 [0.83088235 0.89814815 0.88983051 0.95762712 0.        ]]
2025-10-24 09:39:34 - INFO - 

2025-10-24 09:39:34 - INFO - First 5 reference rdm values: [0.83076923 0.14925373 0.75373134 0.83088235 0.90151515]

2025-10-24 09:39:34 - INFO - First 5 model rdm values: [0.97237801 0.26580558 1.02497579 1.09593089 1.08858243]

2025-10-24 09:39:34 - INFO - Behavioral RSA Correlation & p-value: 0.7663, 0.0000
2025-10-24 09:39:34 - INFO - 
visual_resblock_22_attn parameter shapes:
2025-10-24 09:39:34 - INFO -   m: shape torch.Size([1024])
2025-10-24 09:39:34 - INFO -   delta_D_A: shape torch.Size([32, 1024])
2025-10-24 09:39:34 - INFO -   delta_D_B: shape torch.Size([1024, 32])
2025-10-24 09:39:34 - INFO - 
visual_resblock_23_attn parameter shapes:
